0.2904999999999915	0.0030710737193482608	8.547855498081823e-05
0.3070999999999915	0.0031743772092476122	8.748072936592226e-05
0.3236999999999916	0.003048387434790453	8.590694483286582e-05
0.3402999999999915	0.0028197435409711216	8.282957580631271e-05
0.3568999999999916	0.002777395253985552	8.323103817618032e-05
0.3734999999999915	0.0027723358400474985	8.196101532640975e-05
0.3900999999999916	0.002798912070852433	8.261235378569421e-05
0.4066999999999915	0.0026462186106791454	7.969181362028943e-05
0.4232999999999916	0.002774260564083649	8.332533452900383e-05
0.4398999999999915	0.002643242786226449	8.003498740998957e-05
0.4564999999999916	0.002527958540565229	7.812848512574496e-05
0.4730999999999915	0.0025499837797184443	7.83572165146671e-05
0.4896999999999916	0.002313224276222691	7.509267383903266e-05
0.5062999999999915	0.002501014628166652	7.849482263607448e-05
0.5228999999999915	0.002318584941668396	7.507934488803915e-05
0.5394999999999914	0.002293612521871484	7.477405842108774e-05
0.5560999999999914	0.002175612744499751	7.233779732398499e-05
0.5726999999999913	0.002243780587690563	7.35554984590584e-05
0.5892999999999913	0.0021956775012772003	7.402990717450398e-05
0.6058999999999912	0.002124201267937617	7.274053243002853e-05
0.6224999999999912	0.0019969260076227345	6.98868457644498e-05
0.6390999999999911	0.0020283301170949874	7.084079819330734e-05
0.6556999999999911	0.0019536173693722033	7.016668041840466e-05
0.672299999999991	0.001943741612548706	6.982533613812634e-05
0.688899999999991	0.0019327747471990127	6.87888994894827e-05
0.7054999999999909	0.001969146412992721	6.982281991081747e-05
0.7220999999999909	0.002015813580539563	7.098402454232699e-05
0.7386999999999908	0.001866200064048773	6.776635032425276e-05
0.7552999999999908	0.0019067107009843778	6.868899624159862e-05
0.7718999999999907	0.0018533506666887612	6.778510924051689e-05
0.7884999999999907	0.0017484272862009	6.564442266769262e-05
0.8050999999999906	0.0016883075304495155	6.440217230396005e-05
0.8216999999999905	0.0017700285532632248	6.661081600983102e-05
0.8382999999999905	0.0017325956560393162	6.513246564273661e-05
0.8548999999999904	0.0016797663544404005	6.512724850893667e-05
0.8714999999999904	0.0015694747799037594	6.21827780133774e-05
0.8880999999999903	0.0015740451556843782	6.338387991646167e-05
0.9046999999999903	0.0016515828910041034	6.447029614605986e-05
0.9212999999999902	0.0015714501837105447	6.257310002759786e-05
0.9378999999999902	0.0014251431815468611	6.188381586181259e-05
0.9544999999999901	0.0015305456461675	6.334445611584142e-05
0.9710999999999901	0.0015039989848831463	6.222664642911072e-05
0.98769999999999	0.0013488708546138275	5.811112983241882e-05
1.00429999999999	0.0014015894163526654	5.957668922195904e-05
1.02089999999999	0.0013125260175336638	5.8811704812966606e-05
1.03749999999999	0.001371544828981706	5.958857871003792e-05
1.05409999999999	0.00137829832600418	5.94983326317923e-05
1.07069999999999	0.001276159245759169	5.82027285333567e-05
1.08729999999999	0.0013098043722384487	5.83496080132292e-05
1.10389999999999	0.0012650272769712959	5.845355468668666e-05
1.12049999999999	0.001306899561959557	5.902429338891371e-05
1.13709999999999	0.0012787695459683904	5.7737013610162245e-05
1.15369999999999	0.0013691807866490428	5.9251417445134475e-05
1.170299999999989	0.0013792314135649267	6.093353428637883e-05
1.186899999999989	0.001249370485694703	5.758373856620625e-05
1.203499999999989	0.0013772632838050635	5.960349907659568e-05
1.220099999999989	0.0014119241947110177	6.0704939982167515e-05
1.236699999999989	0.0014884171089578307	6.261850299224362e-05
1.253299999999989	0.0017824773835601246	6.78402090255117e-05
1.269899999999989	0.0018678400666529587	7.109689401962245e-05
1.286499999999989	0.0022063645009685892	7.483628030186127e-05
1.303099999999989	0.002439364937032592	7.853508869002479e-05
1.319699999999989	0.0023084988278103766	7.709756191001897e-05
1.336299999999989	0.0020638873998232595	7.313176123049624e-05
1.352899999999989	0.001853450450368826	6.942451373733923e-05
1.369499999999989	0.0015760931368248112	6.439412230242461e-05
1.386099999999989	0.0013846245701922976	6.079927611400676e-05
1.402699999999989	0.001306062908955457	5.944690123017715e-05
1.419299999999989	0.0012529364786059163	5.729472003731593e-05
1.435899999999989	0.0011187373392517496	5.468234360017426e-05
1.452499999999989	0.0010740815774746822	5.391392947425508e-05
1.469099999999989	0.0010039540684065793	5.341830088505884e-05
1.485699999999988	0.0009653998455250478	5.182639788383792e-05
1.502299999999988	0.0009955378728977611	5.255594129200156e-05
1.518899999999988	0.0010480616996996412	5.495590563374863e-05
1.535499999999988	0.0012747037760050762	5.895572064780166e-05
1.552099999999988	0.0012391233217048387	5.7668257668598234e-05
1.568699999999988	0.0014354844562733705	6.272447542089408e-05
1.585299999999988	0.00158517528540359	6.555555706225314e-05
1.601899999999988	0.001674639317543872	6.773689216027327e-05
1.618499999999988	0.0018510180899626782	7.130556894058447e-05
1.635099999999988	0.00206395310804561	7.464970295358157e-05
1.651699999999988	0.001882391982843246	7.201823306067476e-05
1.668299999999988	0.0015727516502799604	6.617371088543098e-05
1.684899999999988	0.001268112262567148	5.985555411306795e-05
1.701499999999988	0.000996411707493005	5.5583349526684606e-05
1.718099999999988	0.0008760571241717804	5.119141775002749e-05
1.734699999999988	0.0008512200545013114	5.1307306688465966e-05
1.751299999999988	0.0008380494103599896	5.236162109936291e-05
1.767899999999988	0.000738059189747509	4.806651023950375e-05
1.784499999999988	0.0008085334381330098	4.9445584132019256e-05
1.801099999999987	0.000803084535757432	4.903731881006482e-05
1.817699999999987	0.0007180251753776738	4.891333344934461e-05
1.834299999999987	0.0007162432401952026	4.706103418868514e-05
1.850899999999987	0.0006946657649353217	4.7454987445122295e-05
1.867499999999987	0.0006054178639879763	4.795928747932077e-05
1.884099999999987	0.0006840636806523143	4.901261204163962e-05
1.900699999999987	0.0005990410184672513	4.476296049464268e-05
1.917299999999987	0.0006070097877002	4.75353647554345e-05
1.933899999999987	0.0005722934852540188	4.60591182448483e-05
1.950499999999987	0.000559311172018749	4.401528340352908e-05
1.967099999999987	0.0005682192405953616	4.471911586448763e-05
1.983699999999987	0.0005519987829513664	4.2932051927217045e-05
2.000299999999987	0.0004939139019748457	4.064501086690188e-05
2.016899999999987	0.000538385850828372	4.421389243692223e-05
2.033499999999987	0.00048235492156979644	4.020222293899863e-05
2.050099999999987	0.0006015686809471094	4.4627099822908625e-05
2.066699999999987	0.00047653442834633537	4.275405994504236e-05
2.083299999999987	0.0004753332709558953	4.1262857661409034e-05
2.099899999999987	0.0004599116092035295	4.3525111549524284e-05
2.116499999999987	0.0004365767098167663	4.09144885836567e-05
2.133099999999986	0.0004658681335568344	4.182742993283104e-05
2.149699999999987	0.0004302971017321446	4.175964003170841e-05
2.166299999999986	0.00044413343110236326	4.1704769132600564e-05
2.182899999999987	0.0004310127242727856	4.3241531742202904e-05
2.199499999999986	0.0003281951846298303	4.2314945794052595e-05
2.216099999999987	0.0004003752298457094	4.139024985651125e-05
2.232699999999986	0.00031212591099297996	4.2654176109348847e-05
2.249299999999987	0.0003563831142482999	4.1726086353685006e-05
2.265899999999986	0.00034126789981988144	4.5059831022269536e-05
2.282499999999986	0.000329023851235654	4.162353380364411e-05
2.299099999999986	0.00043876740248170184	4.318075219381322e-05
2.315699999999986	0.0003387690574088058	4.2745362254329444e-05
2.332299999999986	0.0003280560771255646	4.664016271729119e-05
2.348899999999986	0.0003668018903823699	4.507690590867036e-05
2.365499999999986	0.00031444118515486523	4.40965658224852e-05
2.382099999999986	0.0002582551535059219	4.3211269009747844e-05
2.398699999999986	0.00025365207418821584	4.715480703525736e-05
