0.2904999999999915	0.003095808573145719	8.577234828950832e-05
0.3070999999999915	0.0028998382807701012	8.338822943799295e-05
0.3236999999999916	0.002971927090154945	8.536932249482726e-05
0.3402999999999915	0.0029061945155352212	8.452404843748462e-05
0.3568999999999916	0.002969427477850836	8.593855631987622e-05
0.3734999999999915	0.0026678338413951954	8.035597866490881e-05
0.3900999999999916	0.002650724027515797	8.072448800044933e-05
0.4066999999999915	0.0027262212883948774	8.113286732061772e-05
0.4232999999999916	0.0026590406945840093	8.114071501816308e-05
0.4398999999999915	0.0024486394627978693	7.730315357970763e-05
0.4564999999999916	0.0024282614542539506	7.655673889367486e-05
0.4730999999999915	0.002246705835592458	7.436108431902426e-05
0.4896999999999916	0.002307544981659274	7.481975105382718e-05
0.5062999999999915	0.0022618510759068225	7.412005285653602e-05
0.5228999999999915	0.002340267883998549	7.597331902387387e-05
0.5394999999999914	0.0020671756743664573	7.039589000771479e-05
0.5560999999999914	0.0021673504201800077	7.292745595639279e-05
0.5726999999999913	0.002063602834996991	7.164974349135559e-05
0.5892999999999913	0.001970447861075982	7.037330739437883e-05
0.6058999999999912	0.002023332602559602	7.06916220977136e-05
0.6224999999999912	0.0019538280016018184	6.997565871381221e-05
0.6390999999999911	0.0020296760560854546	7.04205547342919e-05
0.6556999999999911	0.0019858394691810496	7.082683194312344e-05
0.672299999999991	0.0019196495737895016	6.843117009081885e-05
0.688899999999991	0.0018388467266286263	6.684582969360805e-05
0.7054999999999909	0.0018306028689712736	6.740381707667668e-05
0.7220999999999909	0.00184136905689986	6.825395510657927e-05
0.7386999999999908	0.0018307856329295583	6.782674851885807e-05
0.7552999999999908	0.0018222033847679177	6.673975242180558e-05
0.7718999999999907	0.001756563505476582	6.617909550652754e-05
0.7884999999999907	0.001677976474579953	6.489129868193643e-05
0.8050999999999906	0.0016630782686997147	6.487337639794816e-05
0.8216999999999905	0.0016505715091578118	6.519839973815242e-05
0.8382999999999905	0.0015978023213289638	6.361425838633176e-05
0.8548999999999904	0.0015275322839961316	6.25419903746817e-05
0.8714999999999904	0.001526786306792671	6.285886346047395e-05
0.8880999999999903	0.0014988209087654638	6.137848834511725e-05
0.9046999999999903	0.001472636721093677	6.132209319540358e-05
0.9212999999999902	0.0014691656003805902	6.0591088447612213e-05
0.9378999999999902	0.0015136002051048501	6.295738233365047e-05
0.9544999999999901	0.0013796560097891655	5.954209398220557e-05
0.9710999999999901	0.0014674668209495873	6.101945271347447e-05
0.98769999999999	0.0013111444628058316	5.9183868581057426e-05
1.00429999999999	0.0013085492351667736	5.806739837587321e-05
1.02089999999999	0.0013378019501243325	5.926658656401306e-05
1.03749999999999	0.0012673433597726262	5.73730111147213e-05
1.05409999999999	0.0013358383511262034	5.91724560452811e-05
1.07069999999999	0.0012928911203310346	5.8526550611036706e-05
1.08729999999999	0.0012858196036357851	5.851077945475844e-05
1.10389999999999	0.0011748170552733264	5.616872595839943e-05
1.12049999999999	0.001180289983846212	5.557224255822759e-05
1.13709999999999	0.0013373801014236908	5.980146313503354e-05
1.15369999999999	0.0011477727141239644	5.468174908227339e-05
1.170299999999989	0.0012284124213560621	5.8299766247348265e-05
1.186899999999989	0.0012031173556382075	5.637454558945677e-05
1.203499999999989	0.0012317707228293804	5.625180963972325e-05
1.220099999999989	0.0013796528855829022	6.024312616155915e-05
1.236699999999989	0.0013668465177439331	6.064461643680019e-05
1.253299999999989	0.001440216535276863	6.0922899955345554e-05
1.269899999999989	0.0014096832884562753	6.244881715629442e-05
1.286499999999989	0.001508251922119493	6.280057763671028e-05
1.303099999999989	0.001704358215205199	6.628069496200303e-05
1.319699999999989	0.001816088306937307	6.837342937722184e-05
1.336299999999989	0.0018079345732238854	6.856566560781999e-05
1.352899999999989	0.0016823476468128009	6.63374575874873e-05
1.369499999999989	0.0017575933355264417	6.827121018906126e-05
1.386099999999989	0.0017029243959029022	6.78685304356766e-05
1.402699999999989	0.001657561411122701	6.573187875565925e-05
1.419299999999989	0.0015771168184736206	6.492730095967619e-05
1.435899999999989	0.0015607891137286588	6.35831851605929e-05
1.452499999999989	0.0014225952900321188	6.137981715759148e-05
1.469099999999989	0.0013652843218269592	6.095057855807741e-05
1.485699999999988	0.0012871073441124224	6.051186204053334e-05
1.502299999999988	0.0014442046211124578	6.2828193435401e-05
1.518899999999988	0.0014860861728473941	6.451015316618631e-05
1.535499999999988	0.0016597165883695082	6.751784889708134e-05
1.552099999999988	0.0015533162880825547	6.531875729765684e-05
1.568699999999988	0.0016620343735301892	6.673208364331909e-05
1.585299999999988	0.0015929417482525821	6.68880752363679e-05
1.601899999999988	0.0015653758037439084	6.599305171424098e-05
1.618499999999988	0.0015394666290415768	6.47587314622175e-05
1.635099999999988	0.0014328186998390595	6.234112978958195e-05
1.651699999999988	0.0012706529352530529	6.0783545694022756e-05
1.668299999999988	0.0010689993538701115	5.5462821573492586e-05
1.684899999999988	0.0010060975562281218	5.558135986259704e-05
1.701499999999988	0.0008421938204130295	5.086876308416178e-05
1.718099999999988	0.0009184095737605754	5.33687471334267e-05
1.734699999999988	0.0007719865863528362	4.961738746349455e-05
1.751299999999988	0.0008018062984365417	4.939246726138199e-05
1.767899999999988	0.0008524314344575813	5.131900525285554e-05
1.784499999999988	0.0007718705555497454	4.9007195787502754e-05
1.801099999999987	0.0007293887434489957	4.8867536653580506e-05
1.817699999999987	0.000734887836187629	4.9634895264356734e-05
1.834299999999987	0.0007108463249600871	4.8838856230715394e-05
1.850899999999987	0.000691006367238553	5.0239948541356386e-05
1.867499999999987	0.0006160003349046149	4.794333865541486e-05
1.884099999999987	0.0006245650885482059	4.5617017241553936e-05
1.900699999999987	0.0005894272438037065	4.7653801739940095e-05
1.917299999999987	0.0005104965244252432	4.457991916321192e-05
1.933899999999987	0.0006195520731458562	4.693532924307582e-05
1.950499999999987	0.0005765952527274007	4.474062690494982e-05
1.967099999999987	0.0005798509942052451	4.428966523393025e-05
1.983699999999987	0.0005243627450776939	4.538216665408021e-05
2.000299999999987	0.0005350551640906243	4.2637669721910076e-05
2.016899999999987	0.0005259899666363817	4.482641130224999e-05
2.033499999999987	0.000558931409755858	4.2911984245617343e-05
2.050099999999987	0.000505344513164974	4.24475476885408e-05
2.066699999999987	0.0005238626184253997	4.2861797075473524e-05
2.083299999999987	0.0005158173673782057	4.217672365351399e-05
2.099899999999987	0.0004955912473453222	4.463707470903592e-05
2.116499999999987	0.0005171174249081944	4.2496645503668015e-05
2.133099999999986	0.0004451758539192069	4.300454827781317e-05
2.149699999999987	0.00040974145466946173	4.213371468560469e-05
2.166299999999986	0.0003829286242441326	4.2260416614934695e-05
2.182899999999987	0.00036959910988696484	4.457596247265959e-05
2.199499999999986	0.0004732329460108627	4.295586164957067e-05
2.216099999999987	0.0003118917744945676	4.194682677114096e-05
2.232699999999986	0.0004183657995852042	4.439618731512626e-05
2.249299999999987	0.00031076952270046496	4.40534443309845e-05
2.265899999999986	0.0003609978471705965	4.5746871883802974e-05
2.282499999999986	0.00040564276415045266	4.3051287447982e-05
2.299099999999986	0.0003325686391801414	4.323807223163993e-05
2.315699999999986	0.00020687120469431108	5.503590054596669e-05
2.332299999999986	0.0005038078665863245	8.503653478631363e-05
2.348899999999986	0.00020936088265651948	0.00011485428122717883
2.365499999999986	0.00036389361630366837	4.721506920973575e-05
2.382099999999986	0.0002546702487261664	4.823332874988387e-05
2.398699999999986	0.0002540231696308848	4.7229337615324604e-05
